resubstation, algo=brute, dist=manhattan
---- training time: 0.0005438327789306641 sec ----
[[   0    0    0    0    0    0    0    0    0    0    0]
 [   0    0    0    0    0    0    0    0    0    0    0]
 [   0    0    0    0    0    0    0    0    0    0    0]
 [   0    0    0   20    0    0    0    0    0    0    0]
 [   0    0    0    0  163    0    0    0    0    0    0]
 [   0    0    0    0    0 1457    0    0    0    0    0]
 [   0    0    0    0    0    0 2198    0    0    0    0]
 [   0    0    0    0    0    0    0  880    0    0    0]
 [   0    0    0    0    0    0    0    0  175    0    0]
 [   0    0    0    0    0    0    0    0    0    5    0]
 [   0    0    0    0    0    0    0    0    0    0    0]]
1.0
==== predict time: 0.32662487030029297 sec ====
resubstation, algo=kd_tree, dist=manhattan
---- training time: 0.002092123031616211 sec ----
[[   0    0    0    0    0    0    0    0    0    0    0]
 [   0    0    0    0    0    0    0    0    0    0    0]
 [   0    0    0    0    0    0    0    0    0    0    0]
 [   0    0    0   20    0    0    0    0    0    0    0]
 [   0    0    0    0  163    0    0    0    0    0    0]
 [   0    0    0    0    0 1457    0    0    0    0    0]
 [   0    0    0    0    0    0 2198    0    0    0    0]
 [   0    0    0    0    0    0    0  880    0    0    0]
 [   0    0    0    0    0    0    0    0  175    0    0]
 [   0    0    0    0    0    0    0    0    0    5    0]
 [   0    0    0    0    0    0    0    0    0    0    0]]
1.0
==== predict time: 0.05884146690368652 sec ====
resubstation, algo=ball_tree, dist=manhattan
---- training time: 0.0020112991333007812 sec ----
[[   0    0    0    0    0    0    0    0    0    0    0]
 [   0    0    0    0    0    0    0    0    0    0    0]
 [   0    0    0    0    0    0    0    0    0    0    0]
 [   0    0    0   20    0    0    0    0    0    0    0]
 [   0    0    0    0  163    0    0    0    0    0    0]
 [   0    0    0    0    0 1457    0    0    0    0    0]
 [   0    0    0    0    0    0 2198    0    0    0    0]
 [   0    0    0    0    0    0    0  880    0    0    0]
 [   0    0    0    0    0    0    0    0  175    0    0]
 [   0    0    0    0    0    0    0    0    0    5    0]
 [   0    0    0    0    0    0    0    0    0    0    0]]
1.0
==== predict time: 0.12469673156738281 sec ====

resubstation, algo=brute, dist=euclidean
---- training time: 0.0003654956817626953 sec ----
[[   0    0    0    0    0    0    0    0    0    0    0]
 [   0    0    0    0    0    0    0    0    0    0    0]
 [   0    0    0    0    0    0    0    0    0    0    0]
 [   0    0    0   20    0    0    0    0    0    0    0]
 [   0    0    0    0  163    0    0    0    0    0    0]
 [   0    0    0    0    0 1457    0    0    0    0    0]
 [   0    0    0    0    0    0 2198    0    0    0    0]
 [   0    0    0    0    0    0    0  880    0    0    0]
 [   0    0    0    0    0    0    0    0  175    0    0]
 [   0    0    0    0    0    0    0    0    0    5    0]
 [   0    0    0    0    0    0    0    0    0    0    0]]
1.0
==== predict time: 0.3361215591430664 sec ====
resubstation, algo=kd_tree, dist=euclidean
---- training time: 0.0020644664764404297 sec ----
[[   0    0    0    0    0    0    0    0    0    0    0]
 [   0    0    0    0    0    0    0    0    0    0    0]
 [   0    0    0    0    0    0    0    0    0    0    0]
 [   0    0    0   20    0    0    0    0    0    0    0]
 [   0    0    0    0  163    0    0    0    0    0    0]
 [   0    0    0    0    0 1457    0    0    0    0    0]
 [   0    0    0    0    0    0 2198    0    0    0    0]
 [   0    0    0    0    0    0    0  880    0    0    0]
 [   0    0    0    0    0    0    0    0  175    0    0]
 [   0    0    0    0    0    0    0    0    0    5    0]
 [   0    0    0    0    0    0    0    0    0    0    0]]
1.0
==== predict time: 0.041237592697143555 sec ====
resubstation, algo=ball_tree, dist=euclidean
---- training time: 0.002229452133178711 sec ----
[[   0    0    0    0    0    0    0    0    0    0    0]
 [   0    0    0    0    0    0    0    0    0    0    0]
 [   0    0    0    0    0    0    0    0    0    0    0]
 [   0    0    0   20    0    0    0    0    0    0    0]
 [   0    0    0    0  163    0    0    0    0    0    0]
 [   0    0    0    0    0 1457    0    0    0    0    0]
 [   0    0    0    0    0    0 2198    0    0    0    0]
 [   0    0    0    0    0    0    0  880    0    0    0]
 [   0    0    0    0    0    0    0    0  175    0    0]
 [   0    0    0    0    0    0    0    0    0    5    0]
 [   0    0    0    0    0    0    0    0    0    0    0]]
1.0
==== predict time: 0.12502574920654297 sec ====

kFold, foldNum=12, algo=brute, dist=manhattan
[[  0.00000000e+00   0.00000000e+00   0.00000000e+00   0.00000000e+00
    0.00000000e+00   0.00000000e+00   0.00000000e+00   0.00000000e+00
    0.00000000e+00   0.00000000e+00   0.00000000e+00]
 [  0.00000000e+00   0.00000000e+00   0.00000000e+00   0.00000000e+00
    0.00000000e+00   0.00000000e+00   0.00000000e+00   0.00000000e+00
    0.00000000e+00   0.00000000e+00   0.00000000e+00]
 [  0.00000000e+00   0.00000000e+00   0.00000000e+00   0.00000000e+00
    0.00000000e+00   0.00000000e+00   0.00000000e+00   0.00000000e+00
    0.00000000e+00   0.00000000e+00   0.00000000e+00]
 [  0.00000000e+00   0.00000000e+00   0.00000000e+00   0.00000000e+00
    4.00000000e+00   8.00000000e+00   6.00000000e+00   1.00000000e+00
    1.00000000e+00   0.00000000e+00   0.00000000e+00]
 [  0.00000000e+00   0.00000000e+00   0.00000000e+00   0.00000000e+00
    2.80000000e+01   6.40000000e+01   6.50000000e+01   5.00000000e+00
    1.00000000e+00   0.00000000e+00   0.00000000e+00]
 [  0.00000000e+00   0.00000000e+00   0.00000000e+00   0.00000000e+00
    7.00000000e+00   8.68000000e+02   4.99000000e+02   7.10000000e+01
    1.20000000e+01   0.00000000e+00   0.00000000e+00]
 [  0.00000000e+00   0.00000000e+00   0.00000000e+00   0.00000000e+00
    7.00000000e+00   3.68000000e+02   1.60700000e+03   2.03000000e+02
    1.30000000e+01   0.00000000e+00   0.00000000e+00]
 [  0.00000000e+00   0.00000000e+00   0.00000000e+00   0.00000000e+00
    0.00000000e+00   7.40000000e+01   3.48000000e+02   4.50000000e+02
    8.00000000e+00   0.00000000e+00   0.00000000e+00]
 [  0.00000000e+00   0.00000000e+00   0.00000000e+00   0.00000000e+00
    0.00000000e+00   1.20000000e+01   6.60000000e+01   2.30000000e+01
    7.40000000e+01   0.00000000e+00   0.00000000e+00]
 [  0.00000000e+00   0.00000000e+00   0.00000000e+00   0.00000000e+00
    0.00000000e+00   0.00000000e+00   3.00000000e+00   2.00000000e+00
    0.00000000e+00   0.00000000e+00   0.00000000e+00]
 [  0.00000000e+00   0.00000000e+00   0.00000000e+00   0.00000000e+00
    0.00000000e+00   0.00000000e+00   0.00000000e+00   0.00000000e+00
    0.00000000e+00   0.00000000e+00   0.00000000e+00]]
0.618012608466
average time of train: 0.00035061438878377277 sec
average time of predict: 0.026294906934102375 sec
==== kFold total training time: 0.3294835090637207 seconds ====
kFold, foldNum=12, algo=kd_tree, dist=manhattan
[[  0.00000000e+00   0.00000000e+00   0.00000000e+00   0.00000000e+00
    0.00000000e+00   0.00000000e+00   0.00000000e+00   0.00000000e+00
    0.00000000e+00   0.00000000e+00   0.00000000e+00]
 [  0.00000000e+00   0.00000000e+00   0.00000000e+00   0.00000000e+00
    0.00000000e+00   0.00000000e+00   0.00000000e+00   0.00000000e+00
    0.00000000e+00   0.00000000e+00   0.00000000e+00]
 [  0.00000000e+00   0.00000000e+00   0.00000000e+00   0.00000000e+00
    0.00000000e+00   0.00000000e+00   0.00000000e+00   0.00000000e+00
    0.00000000e+00   0.00000000e+00   0.00000000e+00]
 [  0.00000000e+00   0.00000000e+00   0.00000000e+00   0.00000000e+00
    4.00000000e+00   6.00000000e+00   7.00000000e+00   1.00000000e+00
    2.00000000e+00   0.00000000e+00   0.00000000e+00]
 [  0.00000000e+00   0.00000000e+00   0.00000000e+00   0.00000000e+00
    2.80000000e+01   6.30000000e+01   6.70000000e+01   4.00000000e+00
    1.00000000e+00   0.00000000e+00   0.00000000e+00]
 [  0.00000000e+00   0.00000000e+00   0.00000000e+00   0.00000000e+00
    6.00000000e+00   8.77000000e+02   4.85000000e+02   8.10000000e+01
    8.00000000e+00   0.00000000e+00   0.00000000e+00]
 [  0.00000000e+00   0.00000000e+00   0.00000000e+00   0.00000000e+00
    6.00000000e+00   3.59000000e+02   1.61800000e+03   2.06000000e+02
    9.00000000e+00   0.00000000e+00   0.00000000e+00]
 [  0.00000000e+00   0.00000000e+00   0.00000000e+00   0.00000000e+00
    0.00000000e+00   7.10000000e+01   3.46000000e+02   4.54000000e+02
    9.00000000e+00   0.00000000e+00   0.00000000e+00]
 [  0.00000000e+00   0.00000000e+00   0.00000000e+00   0.00000000e+00
    0.00000000e+00   1.00000000e+01   6.90000000e+01   2.60000000e+01
    7.00000000e+01   0.00000000e+00   0.00000000e+00]
 [  0.00000000e+00   0.00000000e+00   0.00000000e+00   0.00000000e+00
    0.00000000e+00   0.00000000e+00   4.00000000e+00   1.00000000e+00
    0.00000000e+00   0.00000000e+00   0.00000000e+00]
 [  0.00000000e+00   0.00000000e+00   0.00000000e+00   0.00000000e+00
    0.00000000e+00   0.00000000e+00   0.00000000e+00   0.00000000e+00
    0.00000000e+00   0.00000000e+00   0.00000000e+00]]
0.622086589322
average time of train: 0.0018454194068908691 sec
average time of predict: 0.004867931207021077 sec
==== kFold total training time: 0.08805036544799805 seconds ====
kFold, foldNum=12, algo=ball_tree, dist=manhattan
[[  0.00000000e+00   0.00000000e+00   0.00000000e+00   0.00000000e+00
    0.00000000e+00   0.00000000e+00   0.00000000e+00   0.00000000e+00
    0.00000000e+00   0.00000000e+00   0.00000000e+00]
 [  0.00000000e+00   0.00000000e+00   0.00000000e+00   0.00000000e+00
    0.00000000e+00   0.00000000e+00   0.00000000e+00   0.00000000e+00
    0.00000000e+00   0.00000000e+00   0.00000000e+00]
 [  0.00000000e+00   0.00000000e+00   0.00000000e+00   0.00000000e+00
    0.00000000e+00   0.00000000e+00   0.00000000e+00   0.00000000e+00
    0.00000000e+00   0.00000000e+00   0.00000000e+00]
 [  0.00000000e+00   0.00000000e+00   0.00000000e+00   0.00000000e+00
    1.00000000e+00   6.00000000e+00   1.00000000e+01   3.00000000e+00
    0.00000000e+00   0.00000000e+00   0.00000000e+00]
 [  0.00000000e+00   0.00000000e+00   0.00000000e+00   0.00000000e+00
    3.00000000e+01   6.80000000e+01   5.80000000e+01   6.00000000e+00
    1.00000000e+00   0.00000000e+00   0.00000000e+00]
 [  0.00000000e+00   0.00000000e+00   0.00000000e+00   0.00000000e+00
    8.00000000e+00   8.70000000e+02   4.95000000e+02   7.30000000e+01
    1.10000000e+01   0.00000000e+00   0.00000000e+00]
 [  0.00000000e+00   0.00000000e+00   0.00000000e+00   0.00000000e+00
    9.00000000e+00   3.66000000e+02   1.60200000e+03   2.10000000e+02
    1.10000000e+01   0.00000000e+00   0.00000000e+00]
 [  0.00000000e+00   0.00000000e+00   0.00000000e+00   0.00000000e+00
    0.00000000e+00   6.90000000e+01   3.59000000e+02   4.47000000e+02
    5.00000000e+00   0.00000000e+00   0.00000000e+00]
 [  0.00000000e+00   0.00000000e+00   0.00000000e+00   0.00000000e+00
    0.00000000e+00   1.20000000e+01   6.50000000e+01   2.40000000e+01
    7.40000000e+01   0.00000000e+00   0.00000000e+00]
 [  0.00000000e+00   0.00000000e+00   0.00000000e+00   0.00000000e+00
    0.00000000e+00   0.00000000e+00   4.00000000e+00   1.00000000e+00
    0.00000000e+00   0.00000000e+00   0.00000000e+00]
 [  0.00000000e+00   0.00000000e+00   0.00000000e+00   0.00000000e+00
    0.00000000e+00   0.00000000e+00   0.00000000e+00   0.00000000e+00
    0.00000000e+00   0.00000000e+00   0.00000000e+00]]
0.617187624846
average time of train: 0.0017986098925272624 sec
average time of predict: 0.009789109230041504 sec
==== kFold total training time: 0.14637017250061035 seconds ====

kFold, foldNum=12, algo=brute, dist=euclidean
[[  0.00000000e+00   0.00000000e+00   0.00000000e+00   0.00000000e+00
    0.00000000e+00   0.00000000e+00   0.00000000e+00   0.00000000e+00
    0.00000000e+00   0.00000000e+00   0.00000000e+00]
 [  0.00000000e+00   0.00000000e+00   0.00000000e+00   0.00000000e+00
    0.00000000e+00   0.00000000e+00   0.00000000e+00   0.00000000e+00
    0.00000000e+00   0.00000000e+00   0.00000000e+00]
 [  0.00000000e+00   0.00000000e+00   0.00000000e+00   0.00000000e+00
    0.00000000e+00   0.00000000e+00   0.00000000e+00   0.00000000e+00
    0.00000000e+00   0.00000000e+00   0.00000000e+00]
 [  0.00000000e+00   0.00000000e+00   0.00000000e+00   0.00000000e+00
    1.00000000e+00   7.00000000e+00   1.00000000e+01   2.00000000e+00
    0.00000000e+00   0.00000000e+00   0.00000000e+00]
 [  0.00000000e+00   0.00000000e+00   0.00000000e+00   0.00000000e+00
    2.40000000e+01   6.80000000e+01   6.20000000e+01   8.00000000e+00
    1.00000000e+00   0.00000000e+00   0.00000000e+00]
 [  0.00000000e+00   0.00000000e+00   0.00000000e+00   0.00000000e+00
    6.00000000e+00   8.78000000e+02   4.76000000e+02   8.90000000e+01
    8.00000000e+00   0.00000000e+00   0.00000000e+00]
 [  0.00000000e+00   0.00000000e+00   0.00000000e+00   0.00000000e+00
    1.10000000e+01   3.79000000e+02   1.59400000e+03   2.01000000e+02
    1.30000000e+01   0.00000000e+00   0.00000000e+00]
 [  0.00000000e+00   0.00000000e+00   0.00000000e+00   0.00000000e+00
    0.00000000e+00   8.10000000e+01   3.57000000e+02   4.33000000e+02
    9.00000000e+00   0.00000000e+00   0.00000000e+00]
 [  0.00000000e+00   0.00000000e+00   0.00000000e+00   0.00000000e+00
    0.00000000e+00   1.00000000e+01   6.70000000e+01   2.20000000e+01
    7.60000000e+01   0.00000000e+00   0.00000000e+00]
 [  0.00000000e+00   0.00000000e+00   0.00000000e+00   0.00000000e+00
    0.00000000e+00   0.00000000e+00   4.00000000e+00   1.00000000e+00
    0.00000000e+00   0.00000000e+00   0.00000000e+00]
 [  0.00000000e+00   0.00000000e+00   0.00000000e+00   0.00000000e+00
    0.00000000e+00   0.00000000e+00   0.00000000e+00   0.00000000e+00
    0.00000000e+00   0.00000000e+00   0.00000000e+00]]
0.613522140723
average time of train: 0.0003917813301086426 sec
average time of predict: 0.028472403685251873 sec
==== kFold total training time: 0.35707998275756836 seconds ====
kFold, foldNum=12, algo=kd_tree, dist=euclidean
[[  0.00000000e+00   0.00000000e+00   0.00000000e+00   0.00000000e+00
    0.00000000e+00   0.00000000e+00   0.00000000e+00   0.00000000e+00
    0.00000000e+00   0.00000000e+00   0.00000000e+00]
 [  0.00000000e+00   0.00000000e+00   0.00000000e+00   0.00000000e+00
    0.00000000e+00   0.00000000e+00   0.00000000e+00   0.00000000e+00
    0.00000000e+00   0.00000000e+00   0.00000000e+00]
 [  0.00000000e+00   0.00000000e+00   0.00000000e+00   0.00000000e+00
    0.00000000e+00   0.00000000e+00   0.00000000e+00   0.00000000e+00
    0.00000000e+00   0.00000000e+00   0.00000000e+00]
 [  0.00000000e+00   0.00000000e+00   0.00000000e+00   0.00000000e+00
    1.00000000e+00   5.00000000e+00   1.00000000e+01   2.00000000e+00
    2.00000000e+00   0.00000000e+00   0.00000000e+00]
 [  0.00000000e+00   0.00000000e+00   0.00000000e+00   0.00000000e+00
    2.40000000e+01   6.50000000e+01   6.30000000e+01   1.00000000e+01
    1.00000000e+00   0.00000000e+00   0.00000000e+00]
 [  0.00000000e+00   0.00000000e+00   0.00000000e+00   0.00000000e+00
    6.00000000e+00   8.69000000e+02   4.90000000e+02   8.20000000e+01
    1.00000000e+01   0.00000000e+00   0.00000000e+00]
 [  0.00000000e+00   0.00000000e+00   0.00000000e+00   0.00000000e+00
    1.20000000e+01   3.77000000e+02   1.57900000e+03   2.17000000e+02
    1.30000000e+01   0.00000000e+00   0.00000000e+00]
 [  0.00000000e+00   0.00000000e+00   0.00000000e+00   0.00000000e+00
    0.00000000e+00   7.80000000e+01   3.50000000e+02   4.44000000e+02
    8.00000000e+00   0.00000000e+00   0.00000000e+00]
 [  0.00000000e+00   0.00000000e+00   0.00000000e+00   0.00000000e+00
    0.00000000e+00   1.00000000e+01   7.00000000e+01   2.40000000e+01
    7.10000000e+01   0.00000000e+00   0.00000000e+00]
 [  0.00000000e+00   0.00000000e+00   0.00000000e+00   0.00000000e+00
    0.00000000e+00   0.00000000e+00   3.00000000e+00   2.00000000e+00
    0.00000000e+00   0.00000000e+00   0.00000000e+00]
 [  0.00000000e+00   0.00000000e+00   0.00000000e+00   0.00000000e+00
    0.00000000e+00   0.00000000e+00   0.00000000e+00   0.00000000e+00
    0.00000000e+00   0.00000000e+00   0.00000000e+00]]
0.609850663982
average time of train: 0.002310375372568766 sec
average time of predict: 0.004367907842000325 sec
==== kFold total training time: 0.08932685852050781 seconds ====
kFold, foldNum=12, algo=ball_tree, dist=euclidean
[[  0.00000000e+00   0.00000000e+00   0.00000000e+00   0.00000000e+00
    0.00000000e+00   0.00000000e+00   0.00000000e+00   0.00000000e+00
    0.00000000e+00   0.00000000e+00   0.00000000e+00]
 [  0.00000000e+00   0.00000000e+00   0.00000000e+00   0.00000000e+00
    0.00000000e+00   0.00000000e+00   0.00000000e+00   0.00000000e+00
    0.00000000e+00   0.00000000e+00   0.00000000e+00]
 [  0.00000000e+00   0.00000000e+00   0.00000000e+00   0.00000000e+00
    0.00000000e+00   0.00000000e+00   0.00000000e+00   0.00000000e+00
    0.00000000e+00   0.00000000e+00   0.00000000e+00]
 [  0.00000000e+00   0.00000000e+00   0.00000000e+00   0.00000000e+00
    3.00000000e+00   8.00000000e+00   6.00000000e+00   2.00000000e+00
    1.00000000e+00   0.00000000e+00   0.00000000e+00]
 [  0.00000000e+00   0.00000000e+00   0.00000000e+00   0.00000000e+00
    2.80000000e+01   6.30000000e+01   6.50000000e+01   7.00000000e+00
    0.00000000e+00   0.00000000e+00   0.00000000e+00]
 [  0.00000000e+00   0.00000000e+00   0.00000000e+00   0.00000000e+00
    7.00000000e+00   8.67000000e+02   4.90000000e+02   8.40000000e+01
    9.00000000e+00   0.00000000e+00   0.00000000e+00]
 [  0.00000000e+00   0.00000000e+00   0.00000000e+00   0.00000000e+00
    9.00000000e+00   3.71000000e+02   1.59000000e+03   2.13000000e+02
    1.50000000e+01   0.00000000e+00   0.00000000e+00]
 [  0.00000000e+00   0.00000000e+00   0.00000000e+00   0.00000000e+00
    0.00000000e+00   7.40000000e+01   3.60000000e+02   4.40000000e+02
    6.00000000e+00   0.00000000e+00   0.00000000e+00]
 [  0.00000000e+00   0.00000000e+00   0.00000000e+00   0.00000000e+00
    0.00000000e+00   1.10000000e+01   6.50000000e+01   2.30000000e+01
    7.60000000e+01   0.00000000e+00   0.00000000e+00]
 [  0.00000000e+00   0.00000000e+00   0.00000000e+00   0.00000000e+00
    0.00000000e+00   0.00000000e+00   3.00000000e+00   2.00000000e+00
    0.00000000e+00   0.00000000e+00   0.00000000e+00]
 [  0.00000000e+00   0.00000000e+00   0.00000000e+00   0.00000000e+00
    0.00000000e+00   0.00000000e+00   0.00000000e+00   0.00000000e+00
    0.00000000e+00   0.00000000e+00   0.00000000e+00]]
0.612691164485
average time of train: 0.0018494129180908203 sec
average time of predict: 0.009823083877563477 sec
==== kFold total training time: 0.14775753021240234 seconds ====

resubstation, algo=brute, dist=mahalanobis
---- training time: 0.000354766845703125 sec ----
[[   0    0    0    0    0    0    0    0    0    0    0]
 [   0    0    0    0    0    0    0    0    0    0    0]
 [   0    0    0    0    0    0    0    0    0    0    0]
 [   0    0    0   20    0    0    0    0    0    0    0]
 [   0    0    0    0  163    0    0    0    0    0    0]
 [   0    0    0    0    0 1457    0    0    0    0    0]
 [   0    0    0    0    0    0 2198    0    0    0    0]
 [   0    0    0    0    0    0    0  880    0    0    0]
 [   0    0    0    0    0    0    0    0  175    0    0]
 [   0    0    0    0    0    0    0    0    0    5    0]
 [   0    0    0    0    0    0    0    0    0    0    0]]
1.0
==== predict time: 1.0540070533752441 sec ====
kFold, foldNum=12, algo=brute, dist=mahalanobis
[[  0.00000000e+00   0.00000000e+00   0.00000000e+00   0.00000000e+00
    0.00000000e+00   0.00000000e+00   0.00000000e+00   0.00000000e+00
    0.00000000e+00   0.00000000e+00   0.00000000e+00]
 [  0.00000000e+00   0.00000000e+00   0.00000000e+00   0.00000000e+00
    0.00000000e+00   0.00000000e+00   0.00000000e+00   0.00000000e+00
    0.00000000e+00   0.00000000e+00   0.00000000e+00]
 [  0.00000000e+00   0.00000000e+00   0.00000000e+00   0.00000000e+00
    0.00000000e+00   0.00000000e+00   0.00000000e+00   0.00000000e+00
    0.00000000e+00   0.00000000e+00   0.00000000e+00]
 [  0.00000000e+00   0.00000000e+00   0.00000000e+00   0.00000000e+00
    1.00000000e+00   1.20000000e+01   7.00000000e+00   0.00000000e+00
    0.00000000e+00   0.00000000e+00   0.00000000e+00]
 [  0.00000000e+00   0.00000000e+00   0.00000000e+00   0.00000000e+00
    4.00000000e+01   6.50000000e+01   4.90000000e+01   9.00000000e+00
    0.00000000e+00   0.00000000e+00   0.00000000e+00]
 [  0.00000000e+00   0.00000000e+00   0.00000000e+00   0.00000000e+00
    7.00000000e+00   9.61000000e+02   4.42000000e+02   4.40000000e+01
    3.00000000e+00   0.00000000e+00   0.00000000e+00]
 [  0.00000000e+00   0.00000000e+00   0.00000000e+00   0.00000000e+00
    3.00000000e+00   3.47000000e+02   1.66200000e+03   1.76000000e+02
    1.00000000e+01   0.00000000e+00   0.00000000e+00]
 [  0.00000000e+00   0.00000000e+00   0.00000000e+00   0.00000000e+00
    1.00000000e+00   5.10000000e+01   3.24000000e+02   4.94000000e+02
    1.00000000e+01   0.00000000e+00   0.00000000e+00]
 [  0.00000000e+00   0.00000000e+00   0.00000000e+00   0.00000000e+00
    0.00000000e+00   7.00000000e+00   5.00000000e+01   4.50000000e+01
    7.30000000e+01   0.00000000e+00   0.00000000e+00]
 [  0.00000000e+00   0.00000000e+00   0.00000000e+00   0.00000000e+00
    0.00000000e+00   0.00000000e+00   2.00000000e+00   3.00000000e+00
    0.00000000e+00   0.00000000e+00   0.00000000e+00]
 [  0.00000000e+00   0.00000000e+00   0.00000000e+00   0.00000000e+00
    0.00000000e+00   0.00000000e+00   0.00000000e+00   0.00000000e+00
    0.00000000e+00   0.00000000e+00   0.00000000e+00]]
0.659460045224
average time of train: 0.0003738602002461751 sec
average time of predict: 0.16922426223754883 sec
==== kFold total training time: 2.044241189956665 seconds ====

resubstation, algo=brute, dist=cosDist
---- training time: 0.00037217140197753906 sec ----
[[   0    0    0    0    0    0    0    0    0    0    0]
 [   0    0    0    0    0    0    0    0    0    0    0]
 [   0    0    0    0    0    0    0    0    0    0    0]
 [   0    0    0    0    2    9    6    2    1    0    0]
 [   0    0    0    0   20   72   62    8    1    0    0]
 [   0    0    0    0    8  853  523   62   11    0    0]
 [   0    0    0    0    9  465 1584  129   11    0    0]
 [   0    0    0    0    3  138  440  298    1    0    0]
 [   0    0    0    0    0   19  103   27   26    0    0]
 [   0    0    0    0    0    1    4    0    0    0    0]
 [   0    0    0    0    0    0    0    0    0    0    0]]
0.567782768477
==== predict time: 240.22462940216064 sec ====
kFold, foldNum=12, algo=brute, dist=cosDist
[[  0.00000000e+00   0.00000000e+00   0.00000000e+00   0.00000000e+00
    0.00000000e+00   0.00000000e+00   0.00000000e+00   0.00000000e+00
    0.00000000e+00   0.00000000e+00   0.00000000e+00]
 [  0.00000000e+00   0.00000000e+00   0.00000000e+00   0.00000000e+00
    0.00000000e+00   0.00000000e+00   0.00000000e+00   0.00000000e+00
    0.00000000e+00   0.00000000e+00   0.00000000e+00]
 [  0.00000000e+00   0.00000000e+00   0.00000000e+00   0.00000000e+00
    0.00000000e+00   0.00000000e+00   0.00000000e+00   0.00000000e+00
    0.00000000e+00   0.00000000e+00   0.00000000e+00]
 [  0.00000000e+00   0.00000000e+00   0.00000000e+00   0.00000000e+00
    1.00000000e+00   1.10000000e+01   6.00000000e+00   1.00000000e+00
    1.00000000e+00   0.00000000e+00   0.00000000e+00]
 [  0.00000000e+00   0.00000000e+00   0.00000000e+00   0.00000000e+00
    1.10000000e+01   8.10000000e+01   6.10000000e+01   9.00000000e+00
    1.00000000e+00   0.00000000e+00   0.00000000e+00]
 [  0.00000000e+00   0.00000000e+00   0.00000000e+00   0.00000000e+00
    1.30000000e+01   6.79000000e+02   6.76000000e+02   7.80000000e+01
    1.10000000e+01   0.00000000e+00   0.00000000e+00]
 [  0.00000000e+00   0.00000000e+00   0.00000000e+00   0.00000000e+00
    1.50000000e+01   6.06000000e+02   1.34900000e+03   2.14000000e+02
    1.40000000e+01   0.00000000e+00   0.00000000e+00]
 [  0.00000000e+00   0.00000000e+00   0.00000000e+00   0.00000000e+00
    2.00000000e+00   1.73000000e+02   5.07000000e+02   1.93000000e+02
    5.00000000e+00   0.00000000e+00   0.00000000e+00]
 [  0.00000000e+00   0.00000000e+00   0.00000000e+00   0.00000000e+00
    0.00000000e+00   2.50000000e+01   1.11000000e+02   3.00000000e+01
    9.00000000e+00   0.00000000e+00   0.00000000e+00]
 [  0.00000000e+00   0.00000000e+00   0.00000000e+00   0.00000000e+00
    0.00000000e+00   1.00000000e+00   3.00000000e+00   1.00000000e+00
    0.00000000e+00   0.00000000e+00   0.00000000e+00]
 [  0.00000000e+00   0.00000000e+00   0.00000000e+00   0.00000000e+00
    0.00000000e+00   0.00000000e+00   0.00000000e+00   0.00000000e+00
    0.00000000e+00   0.00000000e+00   0.00000000e+00]]
0.45753631526
average time of train: 0.00035329659779866535 sec
average time of predict: 33.22314180930456 sec
==== kFold total training time: 398.6902356147766 seconds ====
