99
2525 1
2400 5
300 2
120 60
60 90
628128235 1
565968895 6064
486835101 1
320608829 8534
662203942 1
273458899 6701
995253159 1
97371470 1753
709491196 1
327696758 6276
357846935 2
135730236 446
62946010 5899
183130387 1
103297605 3906
15860009 2
6248657 558
5078127 8577
9323649 1
2960979 6171
419838269 1
215957954 3829
1000000000 2
999999997 2
999999996 3
118048841 1
30551707 5370
905022339 1
493422552 5929
825299177 1
712239912 5479
53103599 1
38385934 3046
178626932 1
119656135 897
577896116 1
553860074 9849
1000000000 1
1 1
342797096 1
152695270 2876
468463578 1
339636871 494
767947362 1
267960214 4130
634887411 1
257531803 4192
413477177 1
289631727 5399
556350901 1
452835693 3806
289772173 1
54393089 2403
610474161 1
4784401 2295
500590355 1
417879827 4031
464887103 1
447799218 3689
603843671 1
273060682 3662
1000000000 2
999999998 3
999999999 2
200000 2
5000 3
5001 1
935144484 1
597337224 3313
109473733 1
32870479 2510
1000000000 1
999999999 1
288414183 1
87992556 6590
237666559 1
215411165 852
405880673 1
288301587 6144
464626516 1
400981538 7916
653265127 1
643926819 8280
738598122 1
538413810 6379
612438359 1
124915120 4966
1000000000 2
999000000 10000
998000000 10000
870841091 1
243426253 5988
37393027 1
9937046 120
190380693 1
84478937 6219
475072553 1
279235300 6108
952183399 1
514274613 4246
2 1
1 1
20997105 1
8377604 1798
790349042 1
215385377 2232
1000000000 1
999999999 10000
31256351 1
1974048 4394
849451848 1
811809712 3427
71995161 1
52183625 8733
156962285 1
98944756 951
1000000000 2
12345676 2
12345675 3
215509970 1
129937779 7712
842136135 1
213800010 527
752867035 1
309206564 6383
402254090 1
235249324 1393
178400637 1
27361700 7896
637860979 1
559529634 8481
838847566 1
446010157 1071
889943033 1
398594268 9870
46608878 1
44842695 6369
717021767 1
579712979 9784
597891823 1
235778269 2068
856283640 1
370953776 6221
703697496 1
279950027 4022
326188066 1
198973656 8527
1000000000 1
1 10000
221939997 1
50908899 8172
544824005 1
516557143 6506
1000000000 2
999000000 1
998000000 1
298146440 1
227334301 5242
471775583 1
108058720 1342
690788047 1
327215424 5571
972207172 1
710208363 9284
709574636 1
611447053 4400
39900724 1
12504677 2810
586683473 1
464625346 5582
2 1
1 10000
566189961 1
361787111 7377
786096409 1
301113570 2119
592345424 1
77911502 7779
165114066 1
30272483 7490
425952381 1
330124573 4559
690423714 1
622393762 5945
1000000000 2
999999998 2
999999997 3
507867649 1
80970897 2622
254369857 1
233234388 3546
293129863 1
179611896 9657
1000000000 2
1 3
2 2
826631016 1
638939405 5821
1000000000 2
200 10000
100 10000
763791298 1
629764235 1359
164632998 1
41257828 1187
