99
6 2 0 2 0 2 0
3 1 0 2 0 0 0
835 115 0 341 0 379 0
506 186 0 215 0 105 0
390 137 0 183 0 70 0
366 175 0 181 0 10 0
4 2 0 2 0 0 0
8 2 0 5 0 1 0
651 193 0 144 0 314 0
999 250 0 499 0 250 0
801 223 0 319 0 259 0
955 432 0 116 0 407 0
3 0 0 0 0 3 0
472 141 0 222 0 109 0
142 54 0 55 0 33 0
5 3 0 1 0 1 0
769 53 0 349 0 367 0
286 29 0 132 0 125 0
883 423 0 72 0 388 0
876 427 0 181 0 268 0
902 259 0 382 0 261 0
795 308 0 386 0 101 0
473 126 0 140 0 207 0
740 323 0 236 0 181 0
6 0 0 3 0 3 0
506 246 0 106 0 154 0
742 138 0 270 0 334 0
20 9 0 8 0 3 0
1000 501 0 0 0 499 0
152 75 0 24 0 53 0
3 0 0 1 0 2 0
22 9 0 6 0 7 0
104 46 0 21 0 37 0
472 160 0 192 0 120 0
945 246 0 156 0 543 0
831 326 0 216 0 289 0
560 61 0 450 0 49 0
371 182 0 105 0 84 0
3 1 0 1 0 1 0
282 56 0 124 0 102 0
914 412 0 72 0 430 0
357 123 0 112 0 122 0
999 250 0 249 0 500 0
163 4 0 81 0 78 0
311 18 0 184 0 109 0
4 2 0 1 0 1 0
695 291 0 98 0 306 0
449 161 0 119 0 169 0
5 2 0 2 0 1 0
794 200 0 387 0 207 0
811 190 0 350 0 271 0
24 10 0 11 0 3 0
406 96 0 150 0 160 0
5 0 0 3 0 2 0
529 182 0 49 0 298 0
245 20 0 108 0 117 0
4 1 0 2 0 1 0
438 89 0 190 0 159 0
500 93 0 200 0 207 0
999 499 0 500 0 0 0
478 174 0 142 0 162 0
268 134 0 28 0 106 0
623 208 0 135 0 280 0
430 311 0 115 0 4 0
54 13 0 20 0 21 0
832 363 0 104 0 365 0
174 75 0 22 0 77 0
1000 250 0 500 0 250 0
561 231 0 106 0 224 0
730 79 0 542 0 109 0
491 147 0 239 0 105 0
216 95 0 81 0 40 0
659 290 0 212 0 157 0
1000 1 0 499 0 500 0
397 172 0 191 0 34 0
288 51 0 99 0 138 0
4 3 0 1 0 0 0
550 335 0 214 0 1 0
1000 334 0 333 0 333 0
769 310 0 233 0 226 0
296 138 0 101 0 57 0
463 175 0 75 0 213 0
29 12 0 11 0 6 0
780 38 0 291 0 451 0
999 333 0 333 0 333 0
904 255 0 417 0 232 0
193 84 0 73 0 36 0
6 2 0 1 0 3 0
4 1 0 1 0 2 0
999 499 0 499 0 1 0
714 193 0 332 0 189 0
52 24 0 7 0 21 0
295 133 0 99 0 63 0
1000 0 0 500 0 500 0
175 57 0 44 0 74 0
400 150 0 81 0 169 0
102 49 0 19 0 34 0
7 2 0 3 0 2 0
354 33 0 261 0 60 0
