99
6 2 0 2 0 2 0
3 1 0 2 0 0 0
373 47 0 238 0 88 0
1000 500 0 250 0 250 0
703 235 0 188 0 280 0
906 267 0 324 0 315 0
55 23 0 13 0 19 0
845 418 0 391 0 36 0
909 376 0 370 0 163 0
203 72 0 42 0 89 0
528 208 0 97 0 223 0
578 114 0 260 0 204 0
571 269 0 81 0 221 0
4 1 0 1 0 2 0
719 219 0 254 0 246 0
144 44 0 48 0 52 0
286 114 0 120 0 52 0
6 2 0 3 0 1 0
415 112 0 98 0 205 0
5 3 0 0 0 2 0
842 291 0 217 0 334 0
999 499 0 499 0 1 0
639 106 0 42 0 491 0
383 21 0 181 0 181 0
5 2 0 1 0 2 0
1000 501 0 0 0 499 0
79 36 0 38 0 5 0
972 429 0 438 0 105 0
416 168 0 123 0 125 0
386 119 0 171 0 96 0
4 2 0 1 0 1 0
999 499 0 250 0 250 0
651 226 0 238 0 187 0
294 177 0 100 0 17 0
3 1 0 1 0 1 0
417 115 0 150 0 152 0
790 232 0 265 0 293 0
275 59 0 98 0 118 0
978 386 0 119 0 473 0
71 11 0 25 0 35 0
4 2 0 2 0 0 0
532 213 0 127 0 192 0
200 81 0 83 0 36 0
513 140 0 194 0 179 0
348 153 0 101 0 94 0
813 381 0 154 0 278 0
683 237 0 227 0 219 0
38 11 0 11 0 16 0
452 146 0 116 0 190 0
5 3 0 1 0 1 0
80 40 0 7 0 33 0
299 90 0 124 0 85 0
999 500 0 249 0 250 0
6 0 0 3 0 3 0
4 2 0 0 0 2 0
11 0 0 8 0 3 0
4 3 0 0 0 1 0
4 1 0 2 0 1 0
1000 500 0 1 0 499 0
999 333 0 333 0 333 0
811 251 0 293 0 267 0
175 153 0 21 0 1 0
3 0 0 0 0 3 0
176 8 0 83 0 85 0
1000 0 0 500 0 500 0
210 90 0 20 0 100 0
800 301 0 386 0 113 0
974 464 0 80 0 430 0
340 13 0 168 0 159 0
999 499 0 0 0 500 0
746 709 0 31 0 6 0
83 30 0 39 0 14 0
987 5 0 669 0 313 0
921 296 0 456 0 169 0
666 138 0 319 0 209 0
37 18 0 5 0 14 0
923 260 0 30 0 633 0
735 311 0 89 0 335 0
450 63 0 224 0 163 0
948 464 0 300 0 184 0
530 136 0 144 0 250 0
467 90 0 174 0 203 0
595 241 0 278 0 76 0
19 7 0 5 0 7 0
725 299 0 299 0 127 0
511 125 0 250 0 136 0
3 0 0 1 0 2 0
575 258 0 197 0 120 0
988 489 0 419 0 80 0
154 99 0 14 0 41 0
611 294 0 66 0 251 0
244 18 0 120 0 106 0
826 280 0 164 0 382 0
1000 333 0 334 0 333 0
941 261 0 455 0 225 0
7 2 0 3 0 2 0
560 262 0 57 0 241 0
485 229 0 89 0 167 0
377 88 0 268 0 21 0
